
A = { cols = [{elems = [1.0000000000,0.0100000000,0.0000500000,0.0000000000,0.0000000000,0.0000000000];},{elems = [0.0000000000,1.0000000000,0.0100000000,0.0000000000,0.0000000000,0.0000000000];},{elems = [-1111.1111111111,-44.4444444444,0.0000000000,1111.1111111111,44.4444444444,0.0000000000];},{elems = [0.0000000000,0.0000000000,0.0000000000,1.0000000000,0.0100000000,0.0000500000];},{elems = [500.0000000000,20.0000000000,0.0000000000,-500.0000000000,-19.0000000000,0.0100000000];},{elems = [0.0000000000,0.0000000000,0.0000000000,0.0000000000,0.0000000000,1.0000000000];},]; };
b = { elems = [0.0,0.0,0.0,1.666666666666667e-07,5e-05,0.01]; };
c = { elems = [1.0,0.0,-0.026503567787971458,0.0,0.0,0.0];};
Gi = 7096.926909099087;
Gx = { elems = [8907291.33119959,388215.13104833977,243.371286741822,-8653099.715386884,-341459.75055005547,209.65596803228746]; };
Gd = { elems = [-7096.926909099087,-7097.025276192839,-10311.451154014732,-12640.053624492111,-12056.774076694563,-12005.5506780053,-11176.060050511564,-10706.345990787442,-10002.17701556422,-9477.83576183357,-8887.95342385234,-8389.32981302348,-7883.156601423987,-7429.2213129378815,-6987.643071170841,-6580.858949335422,-6192.376937782837,-5830.182945037553,-5487.069974032252,-5165.464789220006,-4861.8858126021405,-4576.663746690406,-4307.85173776473,-4055.030367809532,-3816.920429091536,-3592.8713000360744,-3381.9241656712334,-3183.393283999298,-2996.497503312204,-2820.5864383309963,-2654.994750172174,-2499.1294156114054,-2352.41141488731,-2214.30874603494,-2084.3124885041193,-1961.9487006373843,-1846.7680721953993,-1738.3496688494834,-1636.2960178423948,-1540.2337635664087,-1449.8109793933156,-1364.6967058653158,-1284.5792214435078,-1209.165224954195,-1138.1785590008647,-1071.3593256402148,-1008.4628553886196,-949.2588610386827,-893.5305633738589,-841.0739168878454]; };
L = { cols = [{elems = [0.0166414742,-0.0004875341,2.3734697920];},{elems = [-0.3257330996,-0.0067345090,71.5028581874];},{elems = [-0.3295229640,-18.2703365229,-1869.3840974586];},{elems = [0.0016769735,-0.0043680725,1.4479232050];},{elems = [0.3158149849,7.7848319374,886.0715106140];},{elems = [-0.0000782359,0.0000012962,-0.0003058532];},]; };
m = 0.1;
M = 4.5;
g = 9.81;
z_h = 0.26;
dt = 0.01;
D = 5000.0;
E = 200.0;
Qe = 100.0;
Qx = 100.0;
R = 1e-10;
N = 50;
